1 0
2 0
4 0
5 0
6 0
7 0
8 0
9 0
11 0
12 0
13 0
14 0
15 0
16 0
19 0
20 0
21 0
23 0
26 0
27 0
28 0
29 0
31 0
35 0
36 0
37 0
38 0
39 0
40 0
42 0
43 0
46 0
47 0
49 0
51 0
52 0
53 0
55 0
56 0
57 0
58 0
60 0
61 0
62 0
63 0
65 0
66 0
68 0
70 0
71 0
74 0
76 0
77 0
79 0
81 0
82 0
84 0
85 0
86 0
88 0
89 0
90 0
91 0
93 0
94 0
96 0
99 0
100 0
318 1
320 1
321 1
323 1
325 1
327 1
329 1
330 1
333 1
334 1
336 1
337 1
338 1
340 1
341 1
342 1
343 1
344 1
345 1
346 1
347 1
348 1
349 1
350 1
351 1
352 1
353 1
356 1
357 1
359 1
360 1
361 1
362 1
363 1
364 1
365 1
368 1
369 1
370 1
371 1
372 1
373 1
375 1
376 1
378 1
379 1
382 1
385 1
387 1
388 1
393 1
394 1
395 1
396 1
397 1
399 1
401 1
402 1
403 1
404 1
405 1
406 1
407 1
408 1
410 1
411 1
414 1
415 1
416 1
418 1
419 1
420 1
421 1
422 1
423 1
424 1
425 1
426 1
427 1
429 1
430 1
433 1
434 1
436 1
437 1
438 1
439 1
441 1
442 1
444 1
445 1
448 1
450 1
452 1
453 1
455 1
456 1
457 1
458 1
460 1
461 1
463 1
464 1
465 1
466 1
468 1
473 1
475 1
477 1
478 1
479 1
483 1
484 1
488 2
490 2
492 2
493 2
494 2
497 2
498 2
499 2
500 2
501 2
504 2
505 2
507 2
508 2
509 2
511 2
512 2
513 2
514 2
515 2
516 2
517 2
518 2
520 2
521 2
523 2
524 2
525 2
526 2
527 2
529 2
530 2
531 2
532 2
534 2
535 2
537 2
538 2
539 2
540 2
541 2
543 2
548 2
549 2
550 2
551 2
552 2
553 2
554 2
555 2
556 2
557 2
559 2
562 2
563 2
566 2
568 2
569 2
570 2
571 2
572 2
573 2
574 2
577 2
579 2
580 2
581 2
583 2
584 2
585 2
586 2
589 2
590 2
591 2
593 2
594 2
598 2
600 2
601 2
602 2
604 2
605 2
606 2
609 2
610 2
611 2
612 2
613 2
615 2
616 2
617 2
618 2
621 2
623 2
624 2
625 2
626 2
628 2
629 2
631 2
634 2
635 2
636 2
637 2
638 2
639 2
645 2
646 2
647 2
649 2
650 2
651 2
652 2
655 2
657 2
662 2
663 2
664 2
665 3
666 3
667 3
668 3
669 3
670 3
671 3
672 3
673 3
674 3
676 3
679 3
680 3
682 3
683 3
684 3
685 3
686 3
689 3
692 3
693 3
694 3
695 3
697 3
698 3
699 3
701 3
702 3
703 3
707 3
708 3
709 3
711 3
713 3
714 3
715 3
716 3
719 3
722 3
723 3
724 3
725 3
726 3
727 3
728 3
730 3
731 3
733 3
734 3
735 3
736 3
737 3
738 3
740 3
741 3
742 3
744 3
746 3
749 3
751 3
752 3
755 3
757 3
758 3
760 3
761 3
763 3
764 3
765 3
