1 0
2 0
6 0
7 0
9 0
10 0
13 0
15 0
17 0
19 0
20 0
21 0
24 0
25 0
26 0
27 0
28 0
30 0
31 0
32 0
33 0
35 0
36 0
38 0
39 0
40 0
41 0
46 0
47 0
48 0
49 0
50 0
51 0
54 0
58 0
59 0
60 0
61 0
63 0
64 0
65 0
66 0
67 0
68 0
69 0
71 0
72 0
73 0
74 0
76 0
77 0
80 0
81 0
82 0
83 0
84 0
85 0
86 0
88 0
89 0
90 0
92 0
93 0
94 0
96 0
97 0
99 0
100 0
319 1
321 1
323 1
324 1
326 1
327 1
328 1
330 1
331 1
332 1
334 1
335 1
336 1
338 1
339 1
341 1
342 1
343 1
344 1
345 1
347 1
348 1
350 1
351 1
352 1
356 1
358 1
359 1
361 1
362 1
363 1
364 1
365 1
366 1
367 1
370 1
371 1
373 1
374 1
375 1
376 1
377 1
379 1
381 1
384 1
386 1
388 1
391 1
394 1
395 1
397 1
399 1
400 1
403 1
404 1
405 1
406 1
409 1
410 1
414 1
415 1
416 1
417 1
418 1
419 1
420 1
421 1
422 1
423 1
424 1
427 1
428 1
430 1
431 1
432 1
433 1
434 1
435 1
436 1
437 1
439 1
441 1
443 1
444 1
445 1
448 1
449 1
450 1
451 1
452 1
454 1
456 1
457 1
458 1
460 1
461 1
462 1
463 1
464 1
466 1
468 1
469 1
470 1
472 1
473 1
475 1
477 1
478 1
479 1
482 1
483 1
486 2
487 2
488 2
489 2
490 2
491 2
493 2
494 2
495 2
498 2
499 2
501 2
502 2
504 2
505 2
507 2
508 2
511 2
515 2
516 2
519 2
520 2
522 2
523 2
528 2
530 2
531 2
532 2
533 2
534 2
535 2
536 2
537 2
538 2
539 2
542 2
543 2
544 2
545 2
546 2
548 2
550 2
551 2
552 2
553 2
554 2
555 2
556 2
557 2
558 2
560 2
562 2
563 2
566 2
567 2
568 2
569 2
572 2
573 2
574 2
575 2
576 2
578 2
580 2
581 2
582 2
585 2
586 2
587 2
588 2
593 2
594 2
597 2
599 2
600 2
601 2
602 2
603 2
604 2
606 2
608 2
609 2
610 2
611 2
613 2
614 2
616 2
617 2
618 2
619 2
622 2
623 2
624 2
625 2
626 2
628 2
629 2
630 2
633 2
634 2
639 2
640 2
641 2
642 2
643 2
645 2
646 2
648 2
651 2
652 2
653 2
654 2
655 2
656 2
657 2
659 2
660 2
661 2
663 2
664 2
665 3
666 3
668 3
669 3
671 3
672 3
676 3
678 3
683 3
684 3
685 3
686 3
687 3
689 3
690 3
695 3
696 3
699 3
700 3
701 3
702 3
703 3
706 3
708 3
709 3
710 3
712 3
713 3
714 3
716 3
717 3
718 3
719 3
720 3
721 3
722 3
723 3
724 3
725 3
726 3
727 3
728 3
730 3
733 3
734 3
736 3
737 3
739 3
741 3
743 3
744 3
745 3
747 3
748 3
751 3
752 3
753 3
754 3
755 3
756 3
757 3
758 3
759 3
760 3
761 3
762 3
763 3
