2 0
3 0
4 0
5 0
7 0
9 0
10 0
11 0
12 0
13 0
14 0
15 0
16 0
17 0
18 0
19 0
21 0
23 0
25 0
26 0
27 0
28 0
30 0
31 0
32 0
33 0
34 0
38 0
39 0
44 0
45 0
47 0
48 0
49 0
50 0
51 0
52 0
53 0
54 0
57 0
58 0
60 0
61 0
63 0
64 0
65 0
66 0
67 0
68 0
69 0
74 0
76 0
77 0
79 0
80 0
83 0
84 0
85 0
86 0
87 0
88 0
90 0
91 0
92 0
93 0
99 0
100 0
101 0
318 1
319 1
320 1
322 1
323 1
326 1
327 1
329 1
330 1
331 1
334 1
335 1
336 1
337 1
339 1
342 1
343 1
344 1
345 1
346 1
347 1
349 1
351 1
355 1
356 1
358 1
359 1
360 1
363 1
364 1
365 1
366 1
368 1
369 1
372 1
373 1
375 1
376 1
377 1
381 1
383 1
384 1
387 1
388 1
389 1
390 1
394 1
395 1
396 1
398 1
399 1
400 1
402 1
403 1
404 1
406 1
407 1
408 1
409 1
410 1
411 1
412 1
415 1
416 1
418 1
420 1
422 1
425 1
427 1
428 1
429 1
430 1
431 1
432 1
433 1
436 1
438 1
439 1
441 1
442 1
444 1
445 1
447 1
448 1
449 1
450 1
451 1
452 1
454 1
458 1
459 1
460 1
461 1
462 1
463 1
464 1
466 1
468 1
470 1
471 1
472 1
473 1
474 1
475 1
476 1
477 1
478 1
480 1
482 1
483 1
484 1
485 2
486 2
488 2
489 2
490 2
491 2
492 2
493 2
494 2
495 2
498 2
500 2
501 2
505 2
507 2
508 2
509 2
510 2
511 2
512 2
513 2
515 2
518 2
521 2
523 2
525 2
527 2
530 2
533 2
534 2
535 2
537 2
541 2
542 2
545 2
546 2
548 2
549 2
550 2
551 2
552 2
553 2
557 2
559 2
560 2
561 2
562 2
564 2
566 2
568 2
569 2
570 2
571 2
573 2
574 2
575 2
576 2
578 2
580 2
582 2
583 2
584 2
585 2
587 2
589 2
591 2
593 2
594 2
595 2
596 2
597 2
598 2
600 2
601 2
602 2
606 2
607 2
608 2
610 2
611 2
612 2
613 2
615 2
616 2
617 2
618 2
619 2
620 2
621 2
622 2
624 2
626 2
627 2
628 2
629 2
630 2
632 2
633 2
634 2
635 2
637 2
638 2
639 2
641 2
643 2
644 2
645 2
646 2
648 2
651 2
654 2
655 2
656 2
657 2
658 2
659 2
660 2
661 2
662 2
663 2
664 2
665 3
667 3
669 3
670 3
671 3
672 3
673 3
675 3
676 3
677 3
679 3
680 3
681 3
684 3
685 3
690 3
691 3
692 3
693 3
695 3
696 3
697 3
699 3
701 3
704 3
705 3
706 3
707 3
708 3
709 3
710 3
712 3
714 3
715 3
717 3
718 3
719 3
722 3
723 3
724 3
726 3
727 3
728 3
729 3
730 3
732 3
733 3
735 3
736 3
740 3
742 3
744 3
745 3
746 3
747 3
748 3
750 3
752 3
753 3
756 3
757 3
758 3
760 3
761 3
763 3
764 3
765 3
