1 0
2 0
3 0
4 0
6 0
7 0
11 0
12 0
14 0
15 0
16 0
17 0
19 0
21 0
22 0
23 0
25 0
27 0
28 0
29 0
30 0
31 0
33 0
35 0
36 0
38 0
40 0
41 0
43 0
44 0
45 0
48 0
51 0
52 0
53 0
55 0
56 0
57 0
60 0
62 0
64 0
65 0
66 0
67 0
68 0
71 0
72 0
73 0
75 0
76 0
77 0
79 0
80 0
81 0
82 0
83 0
84 0
85 0
86 0
88 0
89 0
91 0
93 0
94 0
95 0
96 0
97 0
101 0
320 1
321 1
324 1
327 1
328 1
329 1
330 1
331 1
333 1
334 1
335 1
336 1
339 1
340 1
342 1
343 1
345 1
347 1
349 1
350 1
351 1
353 1
355 1
356 1
357 1
359 1
360 1
361 1
364 1
365 1
366 1
367 1
369 1
371 1
372 1
373 1
374 1
377 1
379 1
380 1
381 1
382 1
384 1
385 1
386 1
387 1
388 1
389 1
390 1
391 1
392 1
394 1
395 1
397 1
399 1
400 1
401 1
403 1
404 1
405 1
406 1
407 1
409 1
410 1
412 1
413 1
416 1
418 1
421 1
422 1
423 1
424 1
425 1
426 1
427 1
430 1
431 1
432 1
433 1
434 1
437 1
438 1
440 1
441 1
443 1
444 1
449 1
451 1
453 1
454 1
456 1
458 1
460 1
461 1
462 1
463 1
464 1
466 1
467 1
468 1
469 1
470 1
471 1
473 1
476 1
477 1
478 1
480 1
482 1
484 1
485 2
486 2
487 2
489 2
490 2
492 2
493 2
494 2
495 2
497 2
499 2
500 2
502 2
504 2
505 2
507 2
508 2
509 2
511 2
512 2
513 2
514 2
516 2
518 2
519 2
520 2
521 2
522 2
524 2
526 2
527 2
528 2
529 2
530 2
532 2
533 2
535 2
537 2
538 2
539 2
541 2
542 2
543 2
545 2
548 2
550 2
551 2
552 2
554 2
556 2
557 2
558 2
559 2
561 2
562 2
563 2
564 2
568 2
569 2
570 2
571 2
573 2
575 2
576 2
577 2
579 2
582 2
583 2
585 2
586 2
587 2
588 2
590 2
593 2
594 2
595 2
596 2
599 2
601 2
602 2
603 2
607 2
609 2
610 2
611 2
612 2
613 2
614 2
616 2
618 2
619 2
621 2
623 2
624 2
625 2
626 2
627 2
628 2
629 2
630 2
633 2
635 2
636 2
637 2
638 2
639 2
640 2
642 2
644 2
647 2
649 2
650 2
651 2
653 2
657 2
659 2
660 2
661 2
662 2
663 2
664 2
666 3
667 3
668 3
670 3
672 3
673 3
674 3
675 3
677 3
678 3
680 3
681 3
682 3
684 3
686 3
688 3
689 3
690 3
691 3
693 3
695 3
696 3
697 3
698 3
699 3
700 3
701 3
703 3
707 3
709 3
711 3
712 3
715 3
716 3
717 3
718 3
719 3
720 3
721 3
722 3
723 3
725 3
728 3
729 3
730 3
731 3
732 3
733 3
741 3
742 3
743 3
744 3
746 3
747 3
748 3
750 3
751 3
752 3
753 3
755 3
756 3
757 3
758 3
759 3
760 3
762 3
763 3
765 3
