1 0
2 0
3 0
4 0
6 0
7 0
8 0
9 0
10 0
11 0
12 0
14 0
16 0
17 0
22 0
23 0
24 0
25 0
26 0
29 0
30 0
33 0
35 0
36 0
39 0
40 0
43 0
44 0
45 0
46 0
47 0
48 0
49 0
51 0
52 0
53 0
54 0
55 0
56 0
60 0
62 0
64 0
65 0
66 0
67 0
68 0
69 0
70 0
72 0
73 0
76 0
77 0
79 0
80 0
81 0
82 0
83 0
84 0
85 0
87 0
89 0
91 0
92 0
94 0
96 0
97 0
100 0
101 0
318 1
319 1
320 1
321 1
323 1
324 1
325 1
326 1
328 1
329 1
332 1
333 1
334 1
335 1
338 1
339 1
340 1
341 1
342 1
343 1
344 1
345 1
349 1
352 1
353 1
354 1
356 1
357 1
358 1
360 1
362 1
363 1
364 1
365 1
366 1
367 1
368 1
371 1
372 1
373 1
376 1
377 1
378 1
379 1
381 1
382 1
385 1
386 1
387 1
388 1
389 1
393 1
394 1
395 1
397 1
399 1
400 1
401 1
402 1
403 1
407 1
408 1
409 1
410 1
412 1
414 1
415 1
416 1
417 1
418 1
419 1
423 1
424 1
425 1
426 1
427 1
428 1
429 1
431 1
433 1
435 1
436 1
437 1
438 1
439 1
440 1
442 1
443 1
444 1
445 1
448 1
449 1
450 1
451 1
453 1
455 1
456 1
457 1
460 1
462 1
463 1
466 1
468 1
470 1
471 1
473 1
475 1
476 1
477 1
479 1
481 1
482 1
483 1
487 2
489 2
490 2
491 2
494 2
496 2
499 2
500 2
501 2
503 2
504 2
505 2
506 2
507 2
508 2
509 2
510 2
511 2
512 2
513 2
514 2
515 2
519 2
521 2
522 2
523 2
524 2
527 2
528 2
529 2
530 2
531 2
532 2
536 2
537 2
538 2
539 2
540 2
541 2
542 2
544 2
545 2
546 2
547 2
549 2
550 2
551 2
553 2
554 2
557 2
558 2
559 2
560 2
561 2
562 2
563 2
564 2
566 2
569 2
570 2
575 2
580 2
581 2
583 2
584 2
585 2
587 2
588 2
592 2
593 2
594 2
595 2
598 2
601 2
604 2
605 2
606 2
607 2
608 2
609 2
610 2
611 2
612 2
613 2
614 2
615 2
618 2
619 2
620 2
622 2
623 2
624 2
628 2
629 2
630 2
632 2
633 2
634 2
636 2
637 2
638 2
639 2
640 2
641 2
642 2
643 2
647 2
649 2
650 2
651 2
652 2
653 2
654 2
655 2
656 2
658 2
660 2
662 2
663 2
664 2
666 3
668 3
670 3
671 3
674 3
675 3
676 3
677 3
678 3
679 3
680 3
682 3
683 3
686 3
687 3
688 3
689 3
691 3
693 3
694 3
697 3
698 3
699 3
700 3
701 3
704 3
707 3
708 3
709 3
710 3
712 3
713 3
714 3
715 3
716 3
717 3
719 3
720 3
721 3
722 3
723 3
724 3
726 3
730 3
731 3
732 3
733 3
735 3
737 3
740 3
741 3
742 3
743 3
747 3
748 3
749 3
750 3
752 3
753 3
754 3
756 3
757 3
759 3
761 3
762 3
765 3
