1 0
2 0
3 0
4 0
6 0
7 0
8 0
9 0
11 0
12 0
13 0
14 0
15 0
17 0
18 0
19 0
23 0
25 0
26 0
28 0
29 0
30 0
31 0
32 0
33 0
34 0
36 0
37 0
39 0
40 0
41 0
45 0
46 0
47 0
49 0
50 0
51 0
52 0
53 0
55 0
57 0
59 0
60 0
61 0
63 0
65 0
66 0
68 0
70 0
72 0
73 0
75 0
76 0
77 0
78 0
79 0
80 0
81 0
82 0
84 0
86 0
87 0
89 0
90 0
92 0
93 0
94 0
98 0
319 1
321 1
323 1
325 1
326 1
327 1
329 1
330 1
331 1
334 1
336 1
337 1
340 1
341 1
342 1
343 1
344 1
345 1
347 1
348 1
349 1
350 1
351 1
353 1
354 1
356 1
358 1
359 1
360 1
361 1
362 1
363 1
364 1
365 1
366 1
368 1
369 1
370 1
371 1
373 1
374 1
376 1
378 1
379 1
380 1
381 1
382 1
383 1
384 1
387 1
388 1
389 1
390 1
391 1
392 1
393 1
395 1
396 1
397 1
400 1
404 1
405 1
406 1
408 1
411 1
412 1
414 1
418 1
420 1
421 1
422 1
423 1
424 1
425 1
428 1
429 1
432 1
434 1
435 1
437 1
439 1
443 1
446 1
447 1
449 1
451 1
452 1
454 1
455 1
457 1
458 1
459 1
460 1
461 1
462 1
464 1
466 1
469 1
470 1
471 1
472 1
473 1
474 1
475 1
476 1
477 1
479 1
480 1
481 1
482 1
483 1
484 1
489 2
490 2
491 2
492 2
493 2
495 2
496 2
499 2
500 2
501 2
502 2
504 2
505 2
507 2
508 2
509 2
510 2
511 2
513 2
516 2
517 2
519 2
520 2
521 2
522 2
524 2
526 2
528 2
530 2
533 2
534 2
536 2
537 2
538 2
539 2
540 2
542 2
544 2
546 2
547 2
548 2
550 2
553 2
554 2
556 2
557 2
559 2
561 2
562 2
563 2
564 2
569 2
570 2
571 2
573 2
574 2
576 2
578 2
581 2
582 2
587 2
588 2
589 2
591 2
592 2
593 2
594 2
595 2
596 2
597 2
598 2
599 2
600 2
603 2
604 2
610 2
612 2
613 2
614 2
615 2
618 2
619 2
620 2
621 2
622 2
623 2
625 2
626 2
627 2
628 2
629 2
630 2
631 2
632 2
633 2
634 2
635 2
638 2
639 2
641 2
642 2
643 2
645 2
646 2
647 2
649 2
650 2
651 2
653 2
654 2
655 2
656 2
657 2
658 2
659 2
661 2
662 2
664 2
665 3
666 3
667 3
669 3
671 3
672 3
673 3
674 3
675 3
676 3
677 3
678 3
679 3
680 3
681 3
682 3
684 3
685 3
687 3
688 3
690 3
692 3
693 3
695 3
697 3
698 3
699 3
700 3
701 3
703 3
705 3
708 3
709 3
711 3
716 3
719 3
722 3
723 3
724 3
727 3
729 3
731 3
732 3
733 3
735 3
736 3
737 3
738 3
739 3
741 3
742 3
743 3
744 3
745 3
746 3
748 3
750 3
752 3
755 3
756 3
757 3
758 3
759 3
760 3
762 3
763 3
764 3
765 3
