1 0
4 0
5 0
6 0
7 0
8 0
9 0
10 0
11 0
13 0
14 0
16 0
18 0
19 0
20 0
22 0
25 0
27 0
29 0
30 0
32 0
33 0
35 0
37 0
38 0
39 0
40 0
42 0
45 0
46 0
47 0
48 0
49 0
50 0
53 0
54 0
56 0
57 0
58 0
61 0
62 0
64 0
65 0
67 0
68 0
69 0
70 0
72 0
73 0
74 0
76 0
77 0
78 0
79 0
82 0
83 0
84 0
86 0
87 0
89 0
91 0
93 0
94 0
96 0
97 0
98 0
99 0
101 0
318 1
319 1
320 1
321 1
322 1
323 1
325 1
329 1
330 1
331 1
332 1
334 1
335 1
337 1
338 1
341 1
342 1
345 1
348 1
349 1
350 1
351 1
352 1
353 1
354 1
355 1
356 1
358 1
360 1
361 1
362 1
364 1
365 1
366 1
367 1
368 1
371 1
372 1
373 1
374 1
375 1
376 1
377 1
380 1
382 1
384 1
386 1
387 1
388 1
389 1
392 1
393 1
395 1
396 1
397 1
399 1
402 1
403 1
406 1
408 1
409 1
411 1
412 1
413 1
414 1
416 1
420 1
422 1
423 1
424 1
426 1
427 1
428 1
429 1
430 1
431 1
433 1
434 1
436 1
438 1
440 1
441 1
443 1
444 1
445 1
447 1
448 1
449 1
450 1
451 1
452 1
453 1
456 1
458 1
460 1
461 1
462 1
466 1
467 1
468 1
469 1
471 1
472 1
475 1
476 1
477 1
479 1
480 1
481 1
482 1
483 1
484 1
485 2
487 2
489 2
491 2
494 2
497 2
500 2
501 2
504 2
505 2
506 2
507 2
509 2
510 2
511 2
512 2
514 2
515 2
516 2
518 2
519 2
520 2
522 2
523 2
525 2
526 2
528 2
529 2
530 2
531 2
536 2
537 2
538 2
539 2
540 2
541 2
542 2
543 2
544 2
545 2
546 2
547 2
549 2
551 2
553 2
555 2
557 2
558 2
559 2
561 2
565 2
566 2
567 2
568 2
569 2
570 2
571 2
572 2
573 2
574 2
576 2
577 2
579 2
580 2
581 2
582 2
583 2
584 2
585 2
588 2
592 2
593 2
595 2
599 2
600 2
601 2
603 2
604 2
608 2
609 2
612 2
614 2
615 2
616 2
617 2
619 2
621 2
622 2
623 2
625 2
626 2
627 2
628 2
631 2
632 2
633 2
636 2
638 2
639 2
640 2
641 2
643 2
644 2
647 2
648 2
649 2
650 2
652 2
653 2
654 2
655 2
657 2
658 2
659 2
660 2
661 2
662 2
663 2
664 2
665 3
666 3
667 3
668 3
672 3
673 3
675 3
676 3
677 3
678 3
679 3
681 3
682 3
683 3
684 3
685 3
687 3
688 3
689 3
690 3
691 3
692 3
693 3
694 3
695 3
698 3
700 3
701 3
702 3
704 3
706 3
707 3
708 3
709 3
711 3
712 3
713 3
714 3
717 3
719 3
724 3
727 3
729 3
730 3
732 3
733 3
734 3
735 3
736 3
737 3
739 3
740 3
742 3
743 3
744 3
745 3
747 3
749 3
750 3
751 3
752 3
755 3
757 3
758 3
760 3
761 3
762 3
763 3
764 3
765 3
