1 0
2 0
3 0
4 0
6 0
7 0
8 0
9 0
10 0
12 0
13 0
15 0
16 0
18 0
21 0
23 0
24 0
25 0
26 0
29 0
30 0
31 0
32 0
34 0
36 0
39 0
40 0
41 0
42 0
43 0
44 0
45 0
47 0
48 0
53 0
54 0
56 0
57 0
58 0
59 0
61 0
63 0
66 0
67 0
68 0
69 0
70 0
71 0
72 0
73 0
74 0
76 0
77 0
78 0
80 0
82 0
83 0
84 0
85 0
88 0
89 0
91 0
92 0
93 0
94 0
96 0
98 0
101 0
318 1
319 1
320 1
321 1
323 1
324 1
325 1
326 1
327 1
328 1
330 1
332 1
334 1
335 1
336 1
337 1
338 1
339 1
340 1
341 1
342 1
344 1
345 1
346 1
347 1
348 1
349 1
351 1
353 1
356 1
357 1
359 1
360 1
362 1
364 1
367 1
368 1
369 1
372 1
376 1
377 1
379 1
380 1
383 1
385 1
386 1
387 1
388 1
390 1
391 1
393 1
394 1
397 1
398 1
399 1
400 1
401 1
402 1
404 1
405 1
406 1
407 1
409 1
410 1
411 1
413 1
415 1
417 1
418 1
419 1
421 1
423 1
424 1
425 1
427 1
429 1
430 1
432 1
434 1
435 1
436 1
438 1
439 1
440 1
441 1
443 1
444 1
446 1
447 1
448 1
449 1
450 1
452 1
453 1
456 1
459 1
460 1
461 1
464 1
465 1
467 1
468 1
469 1
470 1
471 1
474 1
475 1
476 1
478 1
480 1
481 1
483 1
485 2
487 2
488 2
490 2
491 2
495 2
496 2
498 2
499 2
501 2
503 2
507 2
508 2
510 2
511 2
513 2
514 2
515 2
520 2
521 2
524 2
525 2
526 2
527 2
528 2
530 2
531 2
533 2
534 2
535 2
536 2
537 2
538 2
539 2
540 2
541 2
542 2
543 2
544 2
545 2
546 2
548 2
550 2
551 2
552 2
553 2
557 2
560 2
561 2
562 2
563 2
565 2
567 2
568 2
569 2
570 2
572 2
573 2
574 2
575 2
576 2
577 2
580 2
581 2
583 2
584 2
585 2
586 2
587 2
588 2
590 2
592 2
593 2
594 2
595 2
596 2
597 2
598 2
599 2
603 2
604 2
605 2
606 2
607 2
608 2
610 2
611 2
613 2
614 2
615 2
616 2
617 2
619 2
620 2
625 2
628 2
629 2
630 2
631 2
634 2
635 2
636 2
637 2
638 2
640 2
642 2
644 2
646 2
647 2
648 2
649 2
650 2
651 2
653 2
654 2
655 2
657 2
658 2
661 2
663 2
664 2
665 3
668 3
669 3
670 3
672 3
674 3
676 3
677 3
678 3
680 3
682 3
684 3
685 3
686 3
690 3
691 3
694 3
695 3
696 3
697 3
698 3
702 3
703 3
704 3
705 3
708 3
710 3
711 3
712 3
713 3
714 3
715 3
718 3
719 3
720 3
721 3
722 3
723 3
725 3
726 3
727 3
728 3
729 3
733 3
734 3
735 3
736 3
737 3
739 3
740 3
741 3
743 3
744 3
747 3
749 3
750 3
751 3
753 3
755 3
757 3
758 3
759 3
760 3
761 3
762 3
763 3
764 3
