1 0
3 0
4 0
5 0
6 0
7 0
9 0
11 0
12 0
13 0
14 0
15 0
16 0
17 0
18 0
20 0
21 0
22 0
23 0
24 0
25 0
26 0
27 0
28 0
31 0
32 0
33 0
35 0
37 0
38 0
41 0
44 0
45 0
46 0
48 0
50 0
54 0
55 0
56 0
58 0
59 0
60 0
61 0
64 0
65 0
67 0
68 0
74 0
75 0
76 0
78 0
79 0
80 0
82 0
83 0
86 0
87 0
88 0
89 0
91 0
92 0
93 0
95 0
96 0
97 0
99 0
100 0
101 0
318 1
320 1
321 1
323 1
325 1
327 1
331 1
332 1
333 1
334 1
335 1
336 1
338 1
339 1
340 1
341 1
342 1
344 1
345 1
346 1
347 1
348 1
349 1
350 1
352 1
353 1
354 1
355 1
356 1
357 1
358 1
360 1
361 1
362 1
364 1
365 1
366 1
367 1
369 1
370 1
374 1
375 1
376 1
377 1
378 1
379 1
380 1
381 1
382 1
383 1
384 1
386 1
387 1
388 1
390 1
391 1
392 1
394 1
396 1
397 1
399 1
405 1
407 1
409 1
410 1
412 1
413 1
415 1
416 1
419 1
421 1
422 1
423 1
424 1
426 1
427 1
428 1
430 1
432 1
433 1
434 1
436 1
439 1
441 1
442 1
444 1
446 1
447 1
448 1
449 1
451 1
452 1
455 1
456 1
457 1
458 1
459 1
460 1
461 1
462 1
463 1
464 1
466 1
468 1
472 1
473 1
476 1
477 1
478 1
479 1
480 1
481 1
482 1
487 2
488 2
489 2
490 2
491 2
492 2
495 2
496 2
497 2
501 2
504 2
505 2
506 2
507 2
508 2
509 2
511 2
512 2
514 2
516 2
517 2
518 2
520 2
521 2
522 2
523 2
524 2
525 2
527 2
528 2
529 2
530 2
531 2
532 2
534 2
537 2
538 2
539 2
544 2
545 2
548 2
550 2
552 2
553 2
555 2
559 2
560 2
561 2
562 2
564 2
565 2
566 2
567 2
568 2
569 2
570 2
571 2
573 2
575 2
576 2
578 2
579 2
580 2
581 2
582 2
585 2
587 2
588 2
592 2
593 2
595 2
598 2
599 2
600 2
601 2
602 2
603 2
604 2
605 2
606 2
609 2
611 2
613 2
614 2
615 2
617 2
619 2
620 2
621 2
623 2
624 2
625 2
626 2
627 2
628 2
629 2
630 2
634 2
635 2
636 2
640 2
641 2
642 2
643 2
644 2
646 2
648 2
650 2
651 2
653 2
654 2
655 2
656 2
657 2
658 2
659 2
660 2
662 2
663 2
664 2
667 3
669 3
671 3
672 3
673 3
674 3
675 3
676 3
678 3
680 3
683 3
684 3
688 3
689 3
692 3
693 3
694 3
695 3
696 3
698 3
699 3
700 3
702 3
703 3
704 3
705 3
706 3
707 3
711 3
712 3
713 3
715 3
717 3
719 3
721 3
722 3
723 3
724 3
726 3
727 3
729 3
730 3
731 3
733 3
734 3
735 3
736 3
737 3
740 3
741 3
743 3
744 3
746 3
747 3
748 3
750 3
751 3
752 3
753 3
754 3
755 3
757 3
758 3
759 3
760 3
762 3
764 3
765 3
