2 0
3 0
4 0
6 0
7 0
8 0
9 0
10 0
11 0
12 0
13 0
16 0
18 0
20 0
21 0
23 0
25 0
28 0
30 0
31 0
32 0
33 0
35 0
36 0
38 0
39 0
40 0
41 0
42 0
44 0
45 0
47 0
49 0
50 0
51 0
54 0
55 0
56 0
57 0
58 0
61 0
62 0
63 0
64 0
65 0
66 0
67 0
68 0
69 0
72 0
73 0
75 0
78 0
79 0
81 0
84 0
85 0
88 0
90 0
91 0
92 0
93 0
94 0
95 0
96 0
97 0
99 0
100 0
318 1
319 1
321 1
322 1
324 1
325 1
328 1
329 1
330 1
331 1
332 1
333 1
336 1
338 1
339 1
341 1
342 1
345 1
347 1
348 1
349 1
350 1
353 1
354 1
355 1
356 1
357 1
358 1
359 1
360 1
363 1
364 1
365 1
368 1
370 1
371 1
372 1
373 1
374 1
375 1
376 1
377 1
378 1
379 1
381 1
382 1
383 1
384 1
385 1
387 1
388 1
389 1
390 1
394 1
395 1
397 1
398 1
399 1
400 1
401 1
402 1
403 1
406 1
408 1
409 1
410 1
412 1
413 1
414 1
415 1
416 1
418 1
421 1
422 1
423 1
425 1
427 1
428 1
431 1
432 1
433 1
434 1
435 1
437 1
438 1
439 1
443 1
444 1
445 1
446 1
447 1
448 1
451 1
452 1
453 1
454 1
455 1
457 1
459 1
462 1
463 1
464 1
467 1
469 1
470 1
471 1
473 1
475 1
476 1
477 1
481 1
482 1
483 1
487 2
488 2
489 2
491 2
494 2
496 2
497 2
498 2
499 2
500 2
502 2
503 2
504 2
505 2
506 2
507 2
511 2
513 2
514 2
515 2
517 2
519 2
520 2
521 2
523 2
525 2
526 2
529 2
530 2
531 2
533 2
537 2
539 2
540 2
541 2
544 2
545 2
546 2
547 2
548 2
549 2
550 2
551 2
552 2
553 2
557 2
559 2
560 2
561 2
562 2
564 2
565 2
567 2
568 2
569 2
570 2
571 2
572 2
574 2
575 2
579 2
580 2
581 2
582 2
584 2
585 2
589 2
590 2
592 2
595 2
597 2
598 2
599 2
601 2
603 2
604 2
606 2
607 2
610 2
612 2
613 2
614 2
615 2
616 2
617 2
618 2
619 2
620 2
622 2
624 2
625 2
626 2
627 2
628 2
629 2
630 2
633 2
634 2
635 2
636 2
638 2
639 2
642 2
643 2
644 2
646 2
647 2
648 2
650 2
651 2
652 2
653 2
655 2
656 2
657 2
658 2
659 2
661 2
662 2
663 2
666 3
668 3
669 3
670 3
671 3
674 3
675 3
677 3
679 3
682 3
683 3
685 3
686 3
687 3
688 3
689 3
690 3
691 3
692 3
695 3
696 3
698 3
699 3
700 3
701 3
703 3
704 3
705 3
707 3
708 3
709 3
710 3
712 3
714 3
715 3
716 3
717 3
718 3
719 3
720 3
721 3
722 3
724 3
725 3
726 3
727 3
728 3
732 3
733 3
734 3
736 3
737 3
738 3
742 3
747 3
748 3
749 3
750 3
751 3
752 3
753 3
755 3
756 3
757 3
759 3
760 3
762 3
764 3
