2 0
3 0
4 0
6 0
7 0
8 0
9 0
10 0
11 0
12 0
13 0
16 0
18 0
20 0
21 0
23 0
25 0
28 0
30 0
31 0
32 0
33 0
35 0
36 0
38 0
39 0
40 0
41 0
42 0
44 0
45 0
47 0
49 0
50 0
51 0
54 0
55 0
56 0
57 0
58 0
61 0
62 0
63 0
64 0
65 0
66 0
67 0
68 0
69 0
72 0
73 0
75 0
78 0
79 0
81 0
84 0
85 0
88 0
90 0
91 0
92 0
93 0
94 0
95 0
96 0
97 0
99 0
100 0
102 1
103 1
104 1
105 1
107 1
108 1
111 1
112 1
113 1
116 1
117 1
118 1
119 1
120 1
122 1
123 1
124 1
125 1
126 1
127 1
128 1
132 1
133 1
134 1
135 1
136 1
137 1
142 1
143 1
145 1
146 1
147 1
148 1
151 1
152 1
155 1
156 1
158 1
160 1
162 1
163 1
164 1
165 1
166 1
169 1
170 1
172 1
174 1
175 1
178 1
179 1
180 1
182 1
183 1
184 1
185 1
186 1
189 1
190 1
191 1
195 1
196 1
197 1
198 1
199 1
200 1
201 1
202 1
206 2
208 2
210 2
211 2
213 2
215 2
216 2
217 2
218 2
219 2
220 2
221 2
222 2
227 2
229 2
230 2
231 2
232 2
234 2
235 2
236 2
237 2
238 2
241 2
242 2
243 2
245 2
247 2
248 2
249 2
251 2
252 2
253 2
254 2
255 2
256 2
259 2
260 2
261 2
263 2
265 2
266 2
267 2
268 2
269 2
270 2
271 2
272 2
274 2
276 2
277 2
279 2
283 2
284 2
285 2
286 2
292 2
293 2
295 2
296 2
297 2
301 2
302 2
303 2
304 2
305 2
306 2
307 2
308 2
309 2
310 2
311 2
312 2
313 2
314 2
315 2
318 3
319 3
321 3
322 3
324 3
325 3
328 3
329 3
330 3
331 3
332 3
333 3
336 3
338 3
339 3
341 3
342 3
345 3
347 3
348 3
349 3
350 3
353 3
354 3
355 3
356 3
357 3
358 3
359 3
360 3
363 3
364 3
365 3
368 3
370 3
371 3
372 3
373 3
374 3
375 3
376 3
377 3
378 3
379 3
381 3
382 3
383 3
384 3
385 3
387 3
388 3
389 3
390 3
394 3
395 3
397 3
398 3
399 3
400 3
401 3
402 3
403 3
406 3
408 3
409 3
410 3
412 3
413 3
414 3
415 3
416 3
418 3
421 3
422 3
423 3
425 3
427 3
428 3
431 3
432 3
433 3
434 3
435 3
437 3
438 3
439 3
443 3
444 3
445 3
446 3
447 3
448 3
451 3
452 3
453 3
454 3
455 3
457 3
459 3
462 3
463 3
464 3
467 3
469 3
470 3
471 3
473 3
475 3
476 3
477 3
481 3
482 3
483 3
487 4
488 4
489 4
491 4
494 4
496 4
497 4
498 4
499 4
500 4
502 4
503 4
504 4
505 4
506 4
507 4
511 4
513 4
514 4
515 4
517 4
519 4
520 4
521 4
523 4
525 4
526 4
529 4
530 4
531 4
533 4
537 4
539 4
540 4
541 4
544 4
545 4
546 4
547 4
548 4
549 4
550 4
551 4
552 4
553 4
557 4
559 4
560 4
561 4
562 4
564 4
565 4
567 4
568 4
569 4
570 4
571 4
572 4
574 4
575 4
579 4
580 4
581 4
582 4
584 4
585 4
589 4
590 4
592 4
595 4
597 4
598 4
599 4
601 4
603 4
604 4
606 4
607 4
610 4
612 4
613 4
614 4
615 4
616 4
617 4
618 4
619 4
620 4
622 4
624 4
625 4
626 4
627 4
628 4
629 4
630 4
633 4
634 4
635 4
636 4
638 4
639 4
642 4
643 4
644 4
646 4
647 4
648 4
650 4
651 4
652 4
653 4
655 4
656 4
657 4
658 4
659 4
661 4
662 4
663 4
666 5
668 5
669 5
670 5
671 5
674 5
675 5
677 5
679 5
682 5
683 5
685 5
686 5
687 5
688 5
689 5
690 5
691 5
692 5
695 5
696 5
698 5
699 5
700 5
701 5
703 5
704 5
705 5
707 5
708 5
709 5
710 5
712 5
714 5
715 5
716 5
717 5
718 5
719 5
720 5
721 5
722 5
724 5
725 5
726 5
727 5
728 5
732 5
733 5
734 5
736 5
737 5
738 5
742 5
747 5
748 5
749 5
750 5
751 5
752 5
753 5
755 5
756 5
757 5
759 5
760 5
762 5
764 5
768 6
770 6
771 6
773 6
774 6
775 6
777 6
779 6
782 6
783 6
784 6
786 6
787 6
790 6
792 6
793 6
798 6
800 6
801 6
802 6
803 6
804 6
805 6
807 6
808 6
809 6
811 6
812 6
813 6
814 6
815 6
818 6
819 6
820 6
821 6
823 6
825 6
827 6
828 6
829 6
830 6
832 6
833 6
834 6
837 6
838 6
839 6
840 6
841 6
842 6
843 6
844 6
845 6
846 6
847 6
848 6
849 6
850 6
852 6
853 6
854 6
855 6
856 6
857 6
858 6
859 6
860 6
862 6
866 6
868 6
869 6
870 6
871 6
872 6
873 6
874 6
876 6
877 6
878 6
880 6
882 6
883 6
884 6
885 6
886 6
887 6
888 6
889 6
890 6
892 6
895 6
897 6
899 6
900 6
903 6
904 6
905 6
907 6
908 6
909 6
911 6
914 6
916 6
918 6
919 6
920 6
921 6
925 6
926 6
928 6
929 6
930 6
931 6
933 6
934 6
935 6
936 6
938 6
939 6
940 6
942 6
944 6
945 6
946 6
951 6
952 6
954 6
955 6
956 6
957 6
959 6
961 6
964 6
965 6
968 6
970 6
971 6
972 6
973 6
974 6
976 6
979 6
980 6
983 6
984 6
985 6
987 6
988 6
990 6
991 6
992 6
994 6
996 6
997 6
999 6
1002 7
1003 7
1004 7
1005 7
1006 7
1009 7
1011 7
1012 7
1013 7
1014 7
1015 7
1016 7
1017 7
1018 7
1019 7
1020 7
1021 7
1023 7
1025 7
1026 7
1027 7
1028 7
1032 7
1034 7
1035 7
1036 7
1037 7
1038 7
1040 7
1042 7
1043 7
1044 7
1045 7
1046 7
1048 7
1050 7
1052 7
1053 7
1055 7
1056 7
1058 7
1060 7
1061 7
1065 7
1066 7
1069 7
1070 7
1072 7
1074 7
1075 7
1076 7
1078 7
1079 7
1081 7
1083 7
1084 7
1085 7
1087 7
1089 7
1090 7
1091 7
1092 7
1093 7
1094 7
1097 7
1098 7
1099 7
1100 7
