1 0
2 0
4 0
5 0
6 0
7 0
8 0
9 0
11 0
12 0
13 0
14 0
15 0
16 0
19 0
20 0
21 0
23 0
26 0
27 0
28 0
29 0
31 0
35 0
36 0
37 0
38 0
39 0
40 0
42 0
43 0
46 0
47 0
49 0
51 0
52 0
53 0
55 0
56 0
57 0
58 0
60 0
61 0
62 0
63 0
65 0
66 0
68 0
70 0
71 0
74 0
76 0
77 0
79 0
81 0
82 0
84 0
85 0
86 0
88 0
89 0
90 0
91 0
93 0
94 0
96 0
99 0
100 0
102 1
104 1
105 1
106 1
107 1
108 1
110 1
111 1
112 1
113 1
114 1
115 1
116 1
117 1
118 1
119 1
120 1
123 1
127 1
128 1
131 1
132 1
133 1
134 1
136 1
137 1
140 1
142 1
143 1
145 1
146 1
147 1
148 1
150 1
151 1
152 1
153 1
159 1
161 1
162 1
163 1
164 1
165 1
166 1
167 1
169 1
171 1
172 1
173 1
174 1
175 1
176 1
177 1
180 1
181 1
182 1
184 1
185 1
189 1
190 1
191 1
192 1
193 1
194 1
195 1
196 1
200 1
202 1
203 2
206 2
207 2
208 2
209 2
210 2
211 2
212 2
213 2
214 2
218 2
219 2
220 2
221 2
222 2
223 2
224 2
225 2
227 2
228 2
229 2
231 2
232 2
233 2
235 2
236 2
238 2
243 2
245 2
246 2
248 2
250 2
252 2
253 2
254 2
256 2
257 2
259 2
261 2
262 2
266 2
269 2
270 2
271 2
274 2
277 2
278 2
280 2
283 2
284 2
285 2
286 2
287 2
288 2
290 2
291 2
292 2
293 2
294 2
295 2
297 2
299 2
300 2
301 2
302 2
303 2
304 2
305 2
306 2
307 2
308 2
309 2
312 2
314 2
315 2
316 2
318 3
320 3
321 3
323 3
325 3
327 3
329 3
330 3
333 3
334 3
336 3
337 3
338 3
340 3
341 3
342 3
343 3
344 3
345 3
346 3
347 3
348 3
349 3
350 3
351 3
352 3
353 3
356 3
357 3
359 3
360 3
361 3
362 3
363 3
364 3
365 3
368 3
369 3
370 3
371 3
372 3
373 3
375 3
376 3
378 3
379 3
382 3
385 3
387 3
388 3
393 3
394 3
395 3
396 3
397 3
399 3
401 3
402 3
403 3
404 3
405 3
406 3
407 3
408 3
410 3
411 3
414 3
415 3
416 3
418 3
419 3
420 3
421 3
422 3
423 3
424 3
425 3
426 3
427 3
429 3
430 3
433 3
434 3
436 3
437 3
438 3
439 3
441 3
442 3
444 3
445 3
448 3
450 3
452 3
453 3
455 3
456 3
457 3
458 3
460 3
461 3
463 3
464 3
465 3
466 3
468 3
473 3
475 3
477 3
478 3
479 3
483 3
484 3
488 4
490 4
492 4
493 4
494 4
497 4
498 4
499 4
500 4
501 4
504 4
505 4
507 4
508 4
509 4
511 4
512 4
513 4
514 4
515 4
516 4
517 4
518 4
520 4
521 4
523 4
524 4
525 4
526 4
527 4
529 4
530 4
531 4
532 4
534 4
535 4
537 4
538 4
539 4
540 4
541 4
543 4
548 4
549 4
550 4
551 4
552 4
553 4
554 4
555 4
556 4
557 4
559 4
562 4
563 4
566 4
568 4
569 4
570 4
571 4
572 4
573 4
574 4
577 4
579 4
580 4
581 4
583 4
584 4
585 4
586 4
589 4
590 4
591 4
593 4
594 4
598 4
600 4
601 4
602 4
604 4
605 4
606 4
609 4
610 4
611 4
612 4
613 4
615 4
616 4
617 4
618 4
621 4
623 4
624 4
625 4
626 4
628 4
629 4
631 4
634 4
635 4
636 4
637 4
638 4
639 4
645 4
646 4
647 4
649 4
650 4
651 4
652 4
655 4
657 4
662 4
663 4
664 4
665 5
666 5
667 5
668 5
669 5
670 5
671 5
672 5
673 5
674 5
676 5
679 5
680 5
682 5
683 5
684 5
685 5
686 5
689 5
692 5
693 5
694 5
695 5
697 5
698 5
699 5
701 5
702 5
703 5
707 5
708 5
709 5
711 5
713 5
714 5
715 5
716 5
719 5
722 5
723 5
724 5
725 5
726 5
727 5
728 5
730 5
731 5
733 5
734 5
735 5
736 5
737 5
738 5
740 5
741 5
742 5
744 5
746 5
749 5
751 5
752 5
755 5
757 5
758 5
760 5
761 5
763 5
764 5
765 5
766 6
767 6
770 6
771 6
773 6
774 6
775 6
776 6
779 6
780 6
781 6
782 6
783 6
785 6
786 6
787 6
790 6
792 6
793 6
794 6
795 6
798 6
799 6
800 6
802 6
803 6
804 6
805 6
807 6
808 6
809 6
811 6
812 6
815 6
817 6
818 6
819 6
821 6
822 6
826 6
827 6
831 6
832 6
833 6
834 6
835 6
837 6
840 6
841 6
842 6
843 6
844 6
847 6
848 6
849 6
850 6
852 6
853 6
854 6
858 6
859 6
861 6
863 6
864 6
865 6
866 6
868 6
869 6
870 6
873 6
875 6
876 6
879 6
881 6
882 6
883 6
885 6
886 6
887 6
888 6
891 6
892 6
894 6
896 6
897 6
898 6
899 6
901 6
902 6
903 6
904 6
907 6
909 6
910 6
911 6
912 6
913 6
916 6
917 6
919 6
921 6
922 6
925 6
927 6
928 6
929 6
930 6
931 6
933 6
935 6
936 6
938 6
939 6
941 6
942 6
944 6
945 6
946 6
947 6
948 6
949 6
952 6
953 6
954 6
955 6
957 6
958 6
959 6
960 6
961 6
963 6
964 6
966 6
968 6
970 6
971 6
972 6
973 6
974 6
975 6
978 6
979 6
980 6
984 6
985 6
986 6
987 6
988 6
989 6
990 6
991 6
994 6
995 6
997 6
998 6
1000 6
1002 7
1003 7
1005 7
1010 7
1011 7
1013 7
1014 7
1015 7
1016 7
1018 7
1019 7
1020 7
1021 7
1024 7
1026 7
1027 7
1030 7
1032 7
1034 7
1036 7
1037 7
1038 7
1039 7
1040 7
1041 7
1042 7
1043 7
1044 7
1045 7
1046 7
1047 7
1048 7
1049 7
1051 7
1053 7
1056 7
1057 7
1058 7
1059 7
1060 7
1062 7
1063 7
1064 7
1066 7
1067 7
1068 7
1069 7
1070 7
1071 7
1073 7
1074 7
1078 7
1079 7
1080 7
1083 7
1084 7
1085 7
1086 7
1087 7
1089 7
1090 7
1091 7
1092 7
1094 7
1095 7
1098 7
1099 7
1101 7
