1 0
2 0
3 0
4 0
6 0
7 0
11 0
12 0
14 0
15 0
16 0
17 0
19 0
21 0
22 0
23 0
25 0
27 0
28 0
29 0
30 0
31 0
33 0
35 0
36 0
38 0
40 0
41 0
43 0
44 0
45 0
48 0
51 0
52 0
53 0
55 0
56 0
57 0
60 0
62 0
64 0
65 0
66 0
67 0
68 0
71 0
72 0
73 0
75 0
76 0
77 0
79 0
80 0
81 0
82 0
83 0
84 0
85 0
86 0
88 0
89 0
91 0
93 0
94 0
95 0
96 0
97 0
101 0
102 1
103 1
104 1
105 1
106 1
107 1
108 1
110 1
111 1
112 1
113 1
114 1
116 1
117 1
119 1
122 1
123 1
126 1
128 1
129 1
131 1
132 1
133 1
134 1
135 1
136 1
138 1
140 1
141 1
143 1
144 1
146 1
147 1
148 1
149 1
150 1
151 1
152 1
153 1
154 1
155 1
158 1
159 1
160 1
164 1
165 1
167 1
168 1
174 1
175 1
176 1
177 1
178 1
179 1
181 1
182 1
183 1
184 1
186 1
188 1
190 1
194 1
195 1
197 1
199 1
200 1
201 1
202 1
204 2
205 2
206 2
207 2
209 2
210 2
211 2
212 2
213 2
215 2
220 2
222 2
223 2
224 2
225 2
226 2
227 2
228 2
229 2
231 2
233 2
234 2
235 2
236 2
237 2
238 2
239 2
240 2
242 2
244 2
245 2
246 2
249 2
250 2
251 2
252 2
254 2
256 2
257 2
258 2
262 2
263 2
264 2
268 2
269 2
270 2
272 2
274 2
275 2
276 2
277 2
278 2
280 2
281 2
282 2
284 2
286 2
287 2
288 2
292 2
293 2
295 2
296 2
298 2
299 2
300 2
304 2
305 2
306 2
308 2
309 2
310 2
311 2
312 2
313 2
316 2
317 2
320 3
321 3
324 3
327 3
328 3
329 3
330 3
331 3
333 3
334 3
335 3
336 3
339 3
340 3
342 3
343 3
345 3
347 3
349 3
350 3
351 3
353 3
355 3
356 3
357 3
359 3
360 3
361 3
364 3
365 3
366 3
367 3
369 3
371 3
372 3
373 3
374 3
377 3
379 3
380 3
381 3
382 3
384 3
385 3
386 3
387 3
388 3
389 3
390 3
391 3
392 3
394 3
395 3
397 3
399 3
400 3
401 3
403 3
404 3
405 3
406 3
407 3
409 3
410 3
412 3
413 3
416 3
418 3
421 3
422 3
423 3
424 3
425 3
426 3
427 3
430 3
431 3
432 3
433 3
434 3
437 3
438 3
440 3
441 3
443 3
444 3
449 3
451 3
453 3
454 3
456 3
458 3
460 3
461 3
462 3
463 3
464 3
466 3
467 3
468 3
469 3
470 3
471 3
473 3
476 3
477 3
478 3
480 3
482 3
484 3
485 4
486 4
487 4
489 4
490 4
492 4
493 4
494 4
495 4
497 4
499 4
500 4
502 4
504 4
505 4
507 4
508 4
509 4
511 4
512 4
513 4
514 4
516 4
518 4
519 4
520 4
521 4
522 4
524 4
526 4
527 4
528 4
529 4
530 4
532 4
533 4
535 4
537 4
538 4
539 4
541 4
542 4
543 4
545 4
548 4
550 4
551 4
552 4
554 4
556 4
557 4
558 4
559 4
561 4
562 4
563 4
564 4
568 4
569 4
570 4
571 4
573 4
575 4
576 4
577 4
579 4
582 4
583 4
585 4
586 4
587 4
588 4
590 4
593 4
594 4
595 4
596 4
599 4
601 4
602 4
603 4
607 4
609 4
610 4
611 4
612 4
613 4
614 4
616 4
618 4
619 4
621 4
623 4
624 4
625 4
626 4
627 4
628 4
629 4
630 4
633 4
635 4
636 4
637 4
638 4
639 4
640 4
642 4
644 4
647 4
649 4
650 4
651 4
653 4
657 4
659 4
660 4
661 4
662 4
663 4
664 4
666 5
667 5
668 5
670 5
672 5
673 5
674 5
675 5
677 5
678 5
680 5
681 5
682 5
684 5
686 5
688 5
689 5
690 5
691 5
693 5
695 5
696 5
697 5
698 5
699 5
700 5
701 5
703 5
707 5
709 5
711 5
712 5
715 5
716 5
717 5
718 5
719 5
720 5
721 5
722 5
723 5
725 5
728 5
729 5
730 5
731 5
732 5
733 5
741 5
742 5
743 5
744 5
746 5
747 5
748 5
750 5
751 5
752 5
753 5
755 5
756 5
757 5
758 5
759 5
760 5
762 5
763 5
765 5
766 6
769 6
770 6
773 6
776 6
777 6
778 6
779 6
782 6
785 6
788 6
789 6
790 6
791 6
792 6
793 6
795 6
796 6
798 6
799 6
800 6
801 6
802 6
803 6
804 6
805 6
809 6
810 6
811 6
813 6
814 6
815 6
816 6
817 6
820 6
821 6
823 6
824 6
825 6
827 6
828 6
830 6
831 6
836 6
841 6
842 6
843 6
844 6
845 6
846 6
847 6
848 6
849 6
851 6
853 6
855 6
856 6
857 6
858 6
860 6
862 6
865 6
866 6
868 6
869 6
870 6
872 6
873 6
874 6
876 6
877 6
878 6
879 6
880 6
881 6
882 6
884 6
885 6
886 6
888 6
889 6
891 6
893 6
895 6
896 6
898 6
899 6
901 6
902 6
903 6
904 6
905 6
907 6
908 6
909 6
912 6
913 6
914 6
917 6
918 6
919 6
920 6
922 6
923 6
924 6
926 6
929 6
930 6
932 6
933 6
935 6
937 6
938 6
939 6
941 6
942 6
943 6
944 6
945 6
946 6
951 6
954 6
955 6
957 6
960 6
962 6
964 6
965 6
966 6
967 6
968 6
970 6
971 6
972 6
973 6
974 6
976 6
977 6
978 6
979 6
980 6
981 6
982 6
985 6
987 6
988 6
989 6
990 6
992 6
994 6
995 6
996 6
997 6
998 6
999 6
1000 6
1002 7
1003 7
1006 7
1008 7
1009 7
1010 7
1011 7
1013 7
1015 7
1017 7
1018 7
1019 7
1020 7
1021 7
1023 7
1024 7
1026 7
1027 7
1028 7
1031 7
1032 7
1033 7
1034 7
1035 7
1036 7
1039 7
1040 7
1041 7
1043 7
1044 7
1045 7
1046 7
1047 7
1048 7
1049 7
1055 7
1057 7
1058 7
1059 7
1060 7
1061 7
1062 7
1063 7
1064 7
1065 7
1066 7
1067 7
1068 7
1070 7
1071 7
1072 7
1077 7
1078 7
1079 7
1080 7
1082 7
1084 7
1085 7
1087 7
1089 7
1090 7
1091 7
1092 7
1095 7
1096 7
1099 7
1100 7
1101 7
