1 0
3 0
4 0
5 0
6 0
7 0
9 0
11 0
12 0
13 0
14 0
15 0
16 0
17 0
18 0
20 0
21 0
22 0
23 0
24 0
25 0
26 0
27 0
28 0
31 0
32 0
33 0
35 0
37 0
38 0
41 0
44 0
45 0
46 0
48 0
50 0
54 0
55 0
56 0
58 0
59 0
60 0
61 0
64 0
65 0
67 0
68 0
74 0
75 0
76 0
78 0
79 0
80 0
82 0
83 0
86 0
87 0
88 0
89 0
91 0
92 0
93 0
95 0
96 0
97 0
99 0
100 0
101 0
103 1
104 1
106 1
107 1
108 1
109 1
111 1
115 1
117 1
119 1
120 1
121 1
122 1
124 1
125 1
126 1
127 1
128 1
129 1
131 1
132 1
133 1
135 1
136 1
137 1
139 1
140 1
143 1
144 1
145 1
148 1
149 1
152 1
153 1
155 1
159 1
160 1
161 1
162 1
164 1
165 1
169 1
171 1
172 1
173 1
174 1
175 1
176 1
177 1
178 1
180 1
182 1
183 1
184 1
185 1
186 1
187 1
189 1
190 1
191 1
192 1
194 1
195 1
197 1
198 1
199 1
201 1
202 1
206 2
207 2
208 2
209 2
210 2
211 2
213 2
214 2
215 2
216 2
219 2
220 2
221 2
223 2
224 2
226 2
227 2
228 2
229 2
230 2
233 2
239 2
240 2
241 2
242 2
243 2
244 2
247 2
248 2
250 2
251 2
252 2
253 2
254 2
255 2
256 2
257 2
259 2
261 2
264 2
265 2
266 2
267 2
268 2
272 2
274 2
275 2
276 2
277 2
278 2
280 2
282 2
283 2
285 2
286 2
287 2
288 2
289 2
290 2
293 2
295 2
296 2
298 2
299 2
300 2
301 2
302 2
303 2
304 2
305 2
306 2
307 2
308 2
311 2
314 2
316 2
318 3
320 3
321 3
323 3
325 3
327 3
331 3
332 3
333 3
334 3
335 3
336 3
338 3
339 3
340 3
341 3
342 3
344 3
345 3
346 3
347 3
348 3
349 3
350 3
352 3
353 3
354 3
355 3
356 3
357 3
358 3
360 3
361 3
362 3
364 3
365 3
366 3
367 3
369 3
370 3
374 3
375 3
376 3
377 3
378 3
379 3
380 3
381 3
382 3
383 3
384 3
386 3
387 3
388 3
390 3
391 3
392 3
394 3
396 3
397 3
399 3
405 3
407 3
409 3
410 3
412 3
413 3
415 3
416 3
419 3
421 3
422 3
423 3
424 3
426 3
427 3
428 3
430 3
432 3
433 3
434 3
436 3
439 3
441 3
442 3
444 3
446 3
447 3
448 3
449 3
451 3
452 3
455 3
456 3
457 3
458 3
459 3
460 3
461 3
462 3
463 3
464 3
466 3
468 3
472 3
473 3
476 3
477 3
478 3
479 3
480 3
481 3
482 3
487 4
488 4
489 4
490 4
491 4
492 4
495 4
496 4
497 4
501 4
504 4
505 4
506 4
507 4
508 4
509 4
511 4
512 4
514 4
516 4
517 4
518 4
520 4
521 4
522 4
523 4
524 4
525 4
527 4
528 4
529 4
530 4
531 4
532 4
534 4
537 4
538 4
539 4
544 4
545 4
548 4
550 4
552 4
553 4
555 4
559 4
560 4
561 4
562 4
564 4
565 4
566 4
567 4
568 4
569 4
570 4
571 4
573 4
575 4
576 4
578 4
579 4
580 4
581 4
582 4
585 4
587 4
588 4
592 4
593 4
595 4
598 4
599 4
600 4
601 4
602 4
603 4
604 4
605 4
606 4
609 4
611 4
613 4
614 4
615 4
617 4
619 4
620 4
621 4
623 4
624 4
625 4
626 4
627 4
628 4
629 4
630 4
634 4
635 4
636 4
640 4
641 4
642 4
643 4
644 4
646 4
648 4
650 4
651 4
653 4
654 4
655 4
656 4
657 4
658 4
659 4
660 4
662 4
663 4
664 4
667 5
669 5
671 5
672 5
673 5
674 5
675 5
676 5
678 5
680 5
683 5
684 5
688 5
689 5
692 5
693 5
694 5
695 5
696 5
698 5
699 5
700 5
702 5
703 5
704 5
705 5
706 5
707 5
711 5
712 5
713 5
715 5
717 5
719 5
721 5
722 5
723 5
724 5
726 5
727 5
729 5
730 5
731 5
733 5
734 5
735 5
736 5
737 5
740 5
741 5
743 5
744 5
746 5
747 5
748 5
750 5
751 5
752 5
753 5
754 5
755 5
757 5
758 5
759 5
760 5
762 5
764 5
765 5
768 6
769 6
771 6
772 6
773 6
774 6
775 6
776 6
779 6
780 6
781 6
782 6
783 6
784 6
785 6
786 6
789 6
790 6
791 6
792 6
793 6
794 6
798 6
800 6
801 6
802 6
803 6
804 6
805 6
806 6
807 6
808 6
809 6
811 6
812 6
814 6
815 6
818 6
819 6
820 6
826 6
829 6
830 6
831 6
832 6
833 6
834 6
836 6
837 6
838 6
839 6
840 6
841 6
844 6
845 6
846 6
848 6
849 6
851 6
852 6
855 6
856 6
857 6
861 6
863 6
866 6
867 6
868 6
869 6
871 6
874 6
876 6
877 6
878 6
881 6
884 6
886 6
887 6
888 6
889 6
891 6
892 6
894 6
895 6
896 6
897 6
900 6
901 6
902 6
903 6
904 6
906 6
907 6
909 6
910 6
913 6
916 6
917 6
918 6
919 6
920 6
921 6
922 6
923 6
924 6
926 6
927 6
929 6
930 6
934 6
935 6
936 6
937 6
938 6
939 6
940 6
941 6
943 6
944 6
945 6
946 6
948 6
949 6
952 6
955 6
957 6
958 6
959 6
960 6
962 6
963 6
964 6
967 6
968 6
969 6
973 6
974 6
975 6
976 6
977 6
981 6
982 6
984 6
985 6
986 6
987 6
989 6
990 6
991 6
993 6
994 6
995 6
996 6
997 6
999 6
1001 6
1004 7
1006 7
1009 7
1011 7
1013 7
1014 7
1016 7
1017 7
1018 7
1019 7
1021 7
1023 7
1024 7
1025 7
1026 7
1027 7
1028 7
1031 7
1032 7
1033 7
1034 7
1035 7
1036 7
1037 7
1038 7
1039 7
1041 7
1042 7
1044 7
1045 7
1046 7
1048 7
1049 7
1050 7
1051 7
1052 7
1053 7
1054 7
1055 7
1056 7
1058 7
1060 7
1061 7
1062 7
1066 7
1067 7
1068 7
1069 7
1071 7
1072 7
1073 7
1074 7
1075 7
1076 7
1077 7
1078 7
1081 7
1082 7
1083 7
1084 7
1085 7
1086 7
1088 7
1093 7
1094 7
1096 7
1098 7
