1 0
2 0
3 0
4 0
6 0
7 0
8 0
9 0
10 0
12 0
13 0
15 0
16 0
18 0
21 0
23 0
24 0
25 0
26 0
29 0
30 0
31 0
32 0
34 0
36 0
39 0
40 0
41 0
42 0
43 0
44 0
45 0
47 0
48 0
53 0
54 0
56 0
57 0
58 0
59 0
61 0
63 0
66 0
67 0
68 0
69 0
70 0
71 0
72 0
73 0
74 0
76 0
77 0
78 0
80 0
82 0
83 0
84 0
85 0
88 0
89 0
91 0
92 0
93 0
94 0
96 0
98 0
101 0
103 1
104 1
105 1
106 1
107 1
110 1
111 1
112 1
113 1
114 1
115 1
116 1
117 1
118 1
119 1
120 1
121 1
122 1
124 1
126 1
127 1
128 1
130 1
132 1
133 1
134 1
137 1
141 1
142 1
143 1
144 1
147 1
148 1
149 1
151 1
153 1
155 1
156 1
159 1
160 1
162 1
163 1
164 1
165 1
166 1
167 1
168 1
169 1
170 1
171 1
173 1
174 1
175 1
177 1
178 1
179 1
180 1
181 1
182 1
183 1
184 1
188 1
192 1
194 1
195 1
197 1
198 1
199 1
203 2
204 2
207 2
208 2
209 2
210 2
211 2
214 2
217 2
219 2
220 2
222 2
223 2
224 2
227 2
228 2
230 2
231 2
233 2
234 2
235 2
236 2
238 2
239 2
241 2
243 2
244 2
245 2
247 2
248 2
249 2
252 2
253 2
254 2
257 2
259 2
260 2
261 2
263 2
264 2
265 2
268 2
269 2
270 2
271 2
273 2
274 2
276 2
278 2
279 2
280 2
281 2
282 2
284 2
285 2
286 2
287 2
288 2
289 2
291 2
294 2
296 2
298 2
300 2
301 2
302 2
303 2
305 2
306 2
307 2
309 2
311 2
312 2
313 2
314 2
317 2
318 3
319 3
320 3
321 3
323 3
324 3
325 3
326 3
327 3
328 3
330 3
332 3
334 3
335 3
336 3
337 3
338 3
339 3
340 3
341 3
342 3
344 3
345 3
346 3
347 3
348 3
349 3
351 3
353 3
356 3
357 3
359 3
360 3
362 3
364 3
367 3
368 3
369 3
372 3
376 3
377 3
379 3
380 3
383 3
385 3
386 3
387 3
388 3
390 3
391 3
393 3
394 3
397 3
398 3
399 3
400 3
401 3
402 3
404 3
405 3
406 3
407 3
409 3
410 3
411 3
413 3
415 3
417 3
418 3
419 3
421 3
423 3
424 3
425 3
427 3
429 3
430 3
432 3
434 3
435 3
436 3
438 3
439 3
440 3
441 3
443 3
444 3
446 3
447 3
448 3
449 3
450 3
452 3
453 3
456 3
459 3
460 3
461 3
464 3
465 3
467 3
468 3
469 3
470 3
471 3
474 3
475 3
476 3
478 3
480 3
481 3
483 3
485 4
487 4
488 4
490 4
491 4
495 4
496 4
498 4
499 4
501 4
503 4
507 4
508 4
510 4
511 4
513 4
514 4
515 4
520 4
521 4
524 4
525 4
526 4
527 4
528 4
530 4
531 4
533 4
534 4
535 4
536 4
537 4
538 4
539 4
540 4
541 4
542 4
543 4
544 4
545 4
546 4
548 4
550 4
551 4
552 4
553 4
557 4
560 4
561 4
562 4
563 4
565 4
567 4
568 4
569 4
570 4
572 4
573 4
574 4
575 4
576 4
577 4
580 4
581 4
583 4
584 4
585 4
586 4
587 4
588 4
590 4
592 4
593 4
594 4
595 4
596 4
597 4
598 4
599 4
603 4
604 4
605 4
606 4
607 4
608 4
610 4
611 4
613 4
614 4
615 4
616 4
617 4
619 4
620 4
625 4
628 4
629 4
630 4
631 4
634 4
635 4
636 4
637 4
638 4
640 4
642 4
644 4
646 4
647 4
648 4
649 4
650 4
651 4
653 4
654 4
655 4
657 4
658 4
661 4
663 4
664 4
665 5
668 5
669 5
670 5
672 5
674 5
676 5
677 5
678 5
680 5
682 5
684 5
685 5
686 5
690 5
691 5
694 5
695 5
696 5
697 5
698 5
702 5
703 5
704 5
705 5
708 5
710 5
711 5
712 5
713 5
714 5
715 5
718 5
719 5
720 5
721 5
722 5
723 5
725 5
726 5
727 5
728 5
729 5
733 5
734 5
735 5
736 5
737 5
739 5
740 5
741 5
743 5
744 5
747 5
749 5
750 5
751 5
753 5
755 5
757 5
758 5
759 5
760 5
761 5
762 5
763 5
764 5
766 6
769 6
770 6
771 6
774 6
775 6
778 6
779 6
780 6
781 6
782 6
784 6
786 6
787 6
788 6
789 6
790 6
794 6
796 6
798 6
799 6
800 6
804 6
805 6
806 6
807 6
808 6
811 6
812 6
813 6
814 6
815 6
816 6
817 6
818 6
822 6
823 6
825 6
826 6
827 6
828 6
829 6
830 6
831 6
834 6
835 6
836 6
837 6
841 6
842 6
843 6
845 6
849 6
850 6
852 6
854 6
856 6
859 6
862 6
863 6
865 6
866 6
868 6
871 6
875 6
877 6
879 6
880 6
881 6
882 6
884 6
885 6
886 6
887 6
888 6
889 6
893 6
894 6
897 6
898 6
899 6
902 6
905 6
906 6
907 6
908 6
910 6
911 6
913 6
914 6
916 6
917 6
918 6
920 6
921 6
922 6
923 6
924 6
925 6
926 6
927 6
928 6
930 6
931 6
932 6
935 6
937 6
938 6
940 6
941 6
942 6
943 6
945 6
947 6
948 6
949 6
950 6
951 6
952 6
953 6
955 6
956 6
957 6
958 6
960 6
961 6
962 6
963 6
964 6
965 6
966 6
967 6
968 6
969 6
970 6
971 6
972 6
974 6
975 6
976 6
977 6
978 6
980 6
981 6
982 6
984 6
985 6
987 6
988 6
989 6
990 6
992 6
993 6
994 6
998 6
1000 6
1002 7
1003 7
1004 7
1006 7
1007 7
1008 7
1009 7
1010 7
1012 7
1015 7
1016 7
1017 7
1018 7
1019 7
1020 7
1021 7
1022 7
1023 7
1024 7
1026 7
1027 7
1028 7
1031 7
1033 7
1036 7
1038 7
1040 7
1041 7
1043 7
1044 7
1045 7
1047 7
1049 7
1050 7
1051 7
1052 7
1053 7
1055 7
1056 7
1057 7
1060 7
1061 7
1063 7
1064 7
1065 7
1067 7
1068 7
1069 7
1071 7
1072 7
1074 7
1078 7
1079 7
1080 7
1083 7
1084 7
1085 7
1086 7
1088 7
1092 7
1093 7
1094 7
1095 7
1096 7
1097 7
1098 7
1099 7
1101 7
