2 0
3 0
4 0
5 0
7 0
9 0
10 0
11 0
12 0
13 0
14 0
15 0
16 0
17 0
18 0
19 0
21 0
23 0
25 0
26 0
27 0
28 0
30 0
31 0
32 0
33 0
34 0
38 0
39 0
44 0
45 0
47 0
48 0
49 0
50 0
51 0
52 0
53 0
54 0
57 0
58 0
60 0
61 0
63 0
64 0
65 0
66 0
67 0
68 0
69 0
74 0
76 0
77 0
79 0
80 0
83 0
84 0
85 0
86 0
87 0
88 0
90 0
91 0
92 0
93 0
99 0
100 0
101 0
103 1
105 1
107 1
108 1
109 1
110 1
111 1
113 1
114 1
116 1
117 1
119 1
120 1
121 1
122 1
123 1
124 1
126 1
129 1
130 1
131 1
134 1
137 1
138 1
142 1
143 1
144 1
145 1
146 1
147 1
148 1
149 1
153 1
154 1
156 1
158 1
159 1
161 1
162 1
164 1
165 1
166 1
167 1
168 1
169 1
171 1
172 1
173 1
174 1
175 1
176 1
178 1
179 1
180 1
181 1
183 1
186 1
188 1
189 1
190 1
191 1
192 1
196 1
198 1
199 1
200 1
201 1
202 1
203 2
205 2
206 2
209 2
212 2
213 2
215 2
216 2
217 2
219 2
220 2
221 2
222 2
225 2
226 2
227 2
228 2
229 2
230 2
231 2
234 2
236 2
237 2
238 2
239 2
240 2
241 2
243 2
244 2
245 2
246 2
248 2
249 2
250 2
252 2
254 2
255 2
257 2
258 2
261 2
262 2
264 2
266 2
267 2
268 2
269 2
271 2
273 2
274 2
275 2
277 2
279 2
280 2
281 2
285 2
286 2
287 2
288 2
290 2
293 2
294 2
295 2
296 2
297 2
298 2
299 2
301 2
302 2
303 2
305 2
307 2
308 2
309 2
313 2
314 2
317 2
318 3
319 3
320 3
322 3
323 3
326 3
327 3
329 3
330 3
331 3
334 3
335 3
336 3
337 3
339 3
342 3
343 3
344 3
345 3
346 3
347 3
349 3
351 3
355 3
356 3
358 3
359 3
360 3
363 3
364 3
365 3
366 3
368 3
369 3
372 3
373 3
375 3
376 3
377 3
381 3
383 3
384 3
387 3
388 3
389 3
390 3
394 3
395 3
396 3
398 3
399 3
400 3
402 3
403 3
404 3
406 3
407 3
408 3
409 3
410 3
411 3
412 3
415 3
416 3
418 3
420 3
422 3
425 3
427 3
428 3
429 3
430 3
431 3
432 3
433 3
436 3
438 3
439 3
441 3
442 3
444 3
445 3
447 3
448 3
449 3
450 3
451 3
452 3
454 3
458 3
459 3
460 3
461 3
462 3
463 3
464 3
466 3
468 3
470 3
471 3
472 3
473 3
474 3
475 3
476 3
477 3
478 3
480 3
482 3
483 3
484 3
485 4
486 4
488 4
489 4
490 4
491 4
492 4
493 4
494 4
495 4
498 4
500 4
501 4
505 4
507 4
508 4
509 4
510 4
511 4
512 4
513 4
515 4
518 4
521 4
523 4
525 4
527 4
530 4
533 4
534 4
535 4
537 4
541 4
542 4
545 4
546 4
548 4
549 4
550 4
551 4
552 4
553 4
557 4
559 4
560 4
561 4
562 4
564 4
566 4
568 4
569 4
570 4
571 4
573 4
574 4
575 4
576 4
578 4
580 4
582 4
583 4
584 4
585 4
587 4
589 4
591 4
593 4
594 4
595 4
596 4
597 4
598 4
600 4
601 4
602 4
606 4
607 4
608 4
610 4
611 4
612 4
613 4
615 4
616 4
617 4
618 4
619 4
620 4
621 4
622 4
624 4
626 4
627 4
628 4
629 4
630 4
632 4
633 4
634 4
635 4
637 4
638 4
639 4
641 4
643 4
644 4
645 4
646 4
648 4
651 4
654 4
655 4
656 4
657 4
658 4
659 4
660 4
661 4
662 4
663 4
664 4
665 5
667 5
669 5
670 5
671 5
672 5
673 5
675 5
676 5
677 5
679 5
680 5
681 5
684 5
685 5
690 5
691 5
692 5
693 5
695 5
696 5
697 5
699 5
701 5
704 5
705 5
706 5
707 5
708 5
709 5
710 5
712 5
714 5
715 5
717 5
718 5
719 5
722 5
723 5
724 5
726 5
727 5
728 5
729 5
730 5
732 5
733 5
735 5
736 5
740 5
742 5
744 5
745 5
746 5
747 5
748 5
750 5
752 5
753 5
756 5
757 5
758 5
760 5
761 5
763 5
764 5
765 5
766 6
767 6
768 6
769 6
771 6
774 6
775 6
776 6
778 6
779 6
780 6
781 6
785 6
786 6
787 6
788 6
789 6
790 6
791 6
793 6
794 6
795 6
796 6
798 6
801 6
803 6
804 6
806 6
808 6
809 6
810 6
812 6
813 6
814 6
815 6
817 6
818 6
819 6
822 6
826 6
827 6
828 6
829 6
831 6
832 6
833 6
838 6
840 6
841 6
842 6
843 6
844 6
845 6
846 6
847 6
848 6
850 6
851 6
854 6
855 6
858 6
859 6
860 6
862 6
863 6
864 6
865 6
866 6
867 6
868 6
871 6
872 6
873 6
874 6
875 6
877 6
878 6
879 6
880 6
881 6
882 6
883 6
884 6
886 6
887 6
888 6
889 6
890 6
891 6
894 6
895 6
896 6
900 6
901 6
903 6
904 6
905 6
906 6
907 6
910 6
911 6
914 6
915 6
916 6
917 6
918 6
920 6
921 6
922 6
923 6
924 6
925 6
927 6
928 6
929 6
930 6
931 6
935 6
936 6
940 6
942 6
944 6
945 6
946 6
948 6
949 6
950 6
951 6
955 6
956 6
957 6
958 6
962 6
963 6
964 6
965 6
968 6
970 6
971 6
973 6
974 6
978 6
979 6
980 6
982 6
986 6
987 6
988 6
989 6
990 6
992 6
993 6
994 6
995 6
996 6
997 6
998 6
1001 6
1002 7
1005 7
1006 7
1008 7
1009 7
1010 7
1012 7
1014 7
1015 7
1016 7
1017 7
1018 7
1019 7
1021 7
1022 7
1024 7
1025 7
1026 7
1029 7
1030 7
1031 7
1032 7
1033 7
1034 7
1035 7
1036 7
1037 7
1038 7
1039 7
1041 7
1043 7
1044 7
1048 7
1049 7
1051 7
1052 7
1053 7
1054 7
1056 7
1058 7
1060 7
1061 7
1062 7
1063 7
1064 7
1065 7
1066 7
1067 7
1069 7
1070 7
1071 7
1072 7
1074 7
1075 7
1077 7
1080 7
1082 7
1084 7
1085 7
1086 7
1087 7
1091 7
1092 7
1094 7
1096 7
1098 7
1099 7
