1 0
2 0
6 0
7 0
9 0
10 0
13 0
15 0
17 0
19 0
20 0
21 0
24 0
25 0
26 0
27 0
28 0
30 0
31 0
32 0
33 0
35 0
36 0
38 0
39 0
40 0
41 0
46 0
47 0
48 0
49 0
50 0
51 0
54 0
58 0
59 0
60 0
61 0
63 0
64 0
65 0
66 0
67 0
68 0
69 0
71 0
72 0
73 0
74 0
76 0
77 0
80 0
81 0
82 0
83 0
84 0
85 0
86 0
88 0
89 0
90 0
92 0
93 0
94 0
96 0
97 0
99 0
100 0
103 1
104 1
105 1
106 1
107 1
110 1
111 1
112 1
113 1
114 1
116 1
117 1
118 1
124 1
125 1
126 1
127 1
128 1
133 1
135 1
139 1
140 1
141 1
143 1
145 1
146 1
148 1
149 1
150 1
151 1
152 1
153 1
156 1
157 1
159 1
160 1
162 1
163 1
164 1
165 1
166 1
167 1
168 1
169 1
170 1
172 1
173 1
174 1
175 1
176 1
177 1
179 1
180 1
183 1
186 1
187 1
188 1
189 1
190 1
191 1
192 1
194 1
195 1
196 1
197 1
199 1
201 1
202 1
204 2
205 2
207 2
208 2
210 2
211 2
212 2
213 2
214 2
216 2
218 2
219 2
221 2
223 2
224 2
225 2
226 2
227 2
228 2
229 2
231 2
232 2
235 2
236 2
239 2
240 2
241 2
243 2
244 2
245 2
246 2
247 2
249 2
251 2
254 2
255 2
257 2
258 2
259 2
260 2
261 2
262 2
264 2
266 2
267 2
268 2
270 2
272 2
275 2
276 2
279 2
282 2
283 2
285 2
286 2
287 2
289 2
290 2
292 2
293 2
296 2
297 2
298 2
299 2
300 2
301 2
302 2
304 2
305 2
306 2
307 2
309 2
310 2
311 2
313 2
314 2
317 2
319 3
321 3
323 3
324 3
326 3
327 3
328 3
330 3
331 3
332 3
334 3
335 3
336 3
338 3
339 3
341 3
342 3
343 3
344 3
345 3
347 3
348 3
350 3
351 3
352 3
356 3
358 3
359 3
361 3
362 3
363 3
364 3
365 3
366 3
367 3
370 3
371 3
373 3
374 3
375 3
376 3
377 3
379 3
381 3
384 3
386 3
388 3
391 3
394 3
395 3
397 3
399 3
400 3
403 3
404 3
405 3
406 3
409 3
410 3
414 3
415 3
416 3
417 3
418 3
419 3
420 3
421 3
422 3
423 3
424 3
427 3
428 3
430 3
431 3
432 3
433 3
434 3
435 3
436 3
437 3
439 3
441 3
443 3
444 3
445 3
448 3
449 3
450 3
451 3
452 3
454 3
456 3
457 3
458 3
460 3
461 3
462 3
463 3
464 3
466 3
468 3
469 3
470 3
472 3
473 3
475 3
477 3
478 3
479 3
482 3
483 3
486 4
487 4
488 4
489 4
490 4
491 4
493 4
494 4
495 4
498 4
499 4
501 4
502 4
504 4
505 4
507 4
508 4
511 4
515 4
516 4
519 4
520 4
522 4
523 4
528 4
530 4
531 4
532 4
533 4
534 4
535 4
536 4
537 4
538 4
539 4
542 4
543 4
544 4
545 4
546 4
548 4
550 4
551 4
552 4
553 4
554 4
555 4
556 4
557 4
558 4
560 4
562 4
563 4
566 4
567 4
568 4
569 4
572 4
573 4
574 4
575 4
576 4
578 4
580 4
581 4
582 4
585 4
586 4
587 4
588 4
593 4
594 4
597 4
599 4
600 4
601 4
602 4
603 4
604 4
606 4
608 4
609 4
610 4
611 4
613 4
614 4
616 4
617 4
618 4
619 4
622 4
623 4
624 4
625 4
626 4
628 4
629 4
630 4
633 4
634 4
639 4
640 4
641 4
642 4
643 4
645 4
646 4
648 4
651 4
652 4
653 4
654 4
655 4
656 4
657 4
659 4
660 4
661 4
663 4
664 4
665 5
666 5
668 5
669 5
671 5
672 5
676 5
678 5
683 5
684 5
685 5
686 5
687 5
689 5
690 5
695 5
696 5
699 5
700 5
701 5
702 5
703 5
706 5
708 5
709 5
710 5
712 5
713 5
714 5
716 5
717 5
718 5
719 5
720 5
721 5
722 5
723 5
724 5
725 5
726 5
727 5
728 5
730 5
733 5
734 5
736 5
737 5
739 5
741 5
743 5
744 5
745 5
747 5
748 5
751 5
752 5
753 5
754 5
755 5
756 5
757 5
758 5
759 5
760 5
761 5
762 5
763 5
766 6
767 6
768 6
770 6
771 6
772 6
773 6
774 6
775 6
776 6
778 6
780 6
782 6
785 6
787 6
790 6
791 6
792 6
794 6
796 6
797 6
799 6
802 6
803 6
804 6
805 6
807 6
809 6
810 6
812 6
813 6
814 6
816 6
817 6
818 6
821 6
825 6
826 6
827 6
828 6
829 6
830 6
833 6
836 6
838 6
840 6
842 6
843 6
844 6
845 6
846 6
847 6
848 6
850 6
851 6
852 6
854 6
855 6
857 6
858 6
859 6
860 6
861 6
863 6
865 6
866 6
869 6
870 6
871 6
873 6
874 6
875 6
876 6
877 6
878 6
880 6
881 6
883 6
885 6
886 6
887 6
888 6
889 6
890 6
892 6
893 6
894 6
896 6
897 6
898 6
899 6
900 6
901 6
902 6
903 6
906 6
909 6
912 6
915 6
916 6
917 6
918 6
921 6
923 6
924 6
926 6
927 6
928 6
929 6
930 6
931 6
932 6
933 6
935 6
936 6
938 6
939 6
940 6
941 6
942 6
943 6
944 6
945 6
946 6
948 6
949 6
950 6
951 6
952 6
955 6
956 6
957 6
958 6
960 6
962 6
964 6
965 6
966 6
967 6
968 6
969 6
971 6
973 6
975 6
977 6
978 6
979 6
980 6
982 6
983 6
986 6
988 6
989 6
990 6
995 6
997 6
999 6
1002 7
1004 7
1005 7
1007 7
1008 7
1009 7
1010 7
1012 7
1014 7
1016 7
1017 7
1018 7
1019 7
1021 7
1022 7
1024 7
1025 7
1026 7
1028 7
1030 7
1031 7
1034 7
1035 7
1036 7
1038 7
1039 7
1040 7
1042 7
1043 7
1045 7
1046 7
1047 7
1048 7
1049 7
1050 7
1051 7
1054 7
1055 7
1057 7
1058 7
1060 7
1062 7
1063 7
1064 7
1068 7
1069 7
1071 7
1073 7
1074 7
1075 7
1078 7
1080 7
1081 7
1082 7
1083 7
1084 7
1085 7
1088 7
1089 7
1091 7
1092 7
1093 7
1094 7
1097 7
1098 7
1099 7
1100 7
1101 7
