1 0
4 0
5 0
6 0
7 0
8 0
9 0
10 0
11 0
13 0
14 0
16 0
18 0
19 0
20 0
22 0
25 0
27 0
29 0
30 0
32 0
33 0
35 0
37 0
38 0
39 0
40 0
42 0
45 0
46 0
47 0
48 0
49 0
50 0
53 0
54 0
56 0
57 0
58 0
61 0
62 0
64 0
65 0
67 0
68 0
69 0
70 0
72 0
73 0
74 0
76 0
77 0
78 0
79 0
82 0
83 0
84 0
86 0
87 0
89 0
91 0
93 0
94 0
96 0
97 0
98 0
99 0
101 0
102 1
103 1
104 1
105 1
106 1
107 1
108 1
109 1
113 1
114 1
115 1
116 1
120 1
121 1
122 1
123 1
125 1
127 1
129 1
130 1
131 1
132 1
133 1
134 1
135 1
136 1
138 1
139 1
140 1
141 1
143 1
144 1
145 1
146 1
147 1
148 1
151 1
153 1
154 1
155 1
156 1
157 1
158 1
159 1
161 1
162 1
164 1
166 1
169 1
170 1
172 1
173 1
176 1
178 1
179 1
181 1
183 1
184 1
186 1
187 1
189 1
191 1
192 1
193 1
194 1
197 1
198 1
201 1
206 2
207 2
209 2
210 2
213 2
214 2
215 2
216 2
217 2
219 2
220 2
223 2
224 2
225 2
226 2
227 2
229 2
230 2
231 2
234 2
235 2
236 2
238 2
239 2
240 2
241 2
244 2
245 2
247 2
248 2
249 2
250 2
254 2
255 2
256 2
258 2
259 2
262 2
263 2
264 2
265 2
266 2
267 2
269 2
270 2
272 2
273 2
275 2
276 2
277 2
279 2
280 2
283 2
285 2
286 2
288 2
291 2
293 2
294 2
296 2
297 2
299 2
300 2
301 2
302 2
303 2
305 2
306 2
307 2
309 2
310 2
311 2
312 2
314 2
315 2
317 2
318 3
319 3
320 3
321 3
322 3
323 3
325 3
329 3
330 3
331 3
332 3
334 3
335 3
337 3
338 3
341 3
342 3
345 3
348 3
349 3
350 3
351 3
352 3
353 3
354 3
355 3
356 3
358 3
360 3
361 3
362 3
364 3
365 3
366 3
367 3
368 3
371 3
372 3
373 3
374 3
375 3
376 3
377 3
380 3
382 3
384 3
386 3
387 3
388 3
389 3
392 3
393 3
395 3
396 3
397 3
399 3
402 3
403 3
406 3
408 3
409 3
411 3
412 3
413 3
414 3
416 3
420 3
422 3
423 3
424 3
426 3
427 3
428 3
429 3
430 3
431 3
433 3
434 3
436 3
438 3
440 3
441 3
443 3
444 3
445 3
447 3
448 3
449 3
450 3
451 3
452 3
453 3
456 3
458 3
460 3
461 3
462 3
466 3
467 3
468 3
469 3
471 3
472 3
475 3
476 3
477 3
479 3
480 3
481 3
482 3
483 3
484 3
485 4
487 4
489 4
491 4
494 4
497 4
500 4
501 4
504 4
505 4
506 4
507 4
509 4
510 4
511 4
512 4
514 4
515 4
516 4
518 4
519 4
520 4
522 4
523 4
525 4
526 4
528 4
529 4
530 4
531 4
536 4
537 4
538 4
539 4
540 4
541 4
542 4
543 4
544 4
545 4
546 4
547 4
549 4
551 4
553 4
555 4
557 4
558 4
559 4
561 4
565 4
566 4
567 4
568 4
569 4
570 4
571 4
572 4
573 4
574 4
576 4
577 4
579 4
580 4
581 4
582 4
583 4
584 4
585 4
588 4
592 4
593 4
595 4
599 4
600 4
601 4
603 4
604 4
608 4
609 4
612 4
614 4
615 4
616 4
617 4
619 4
621 4
622 4
623 4
625 4
626 4
627 4
628 4
631 4
632 4
633 4
636 4
638 4
639 4
640 4
641 4
643 4
644 4
647 4
648 4
649 4
650 4
652 4
653 4
654 4
655 4
657 4
658 4
659 4
660 4
661 4
662 4
663 4
664 4
665 5
666 5
667 5
668 5
672 5
673 5
675 5
676 5
677 5
678 5
679 5
681 5
682 5
683 5
684 5
685 5
687 5
688 5
689 5
690 5
691 5
692 5
693 5
694 5
695 5
698 5
700 5
701 5
702 5
704 5
706 5
707 5
708 5
709 5
711 5
712 5
713 5
714 5
717 5
719 5
724 5
727 5
729 5
730 5
732 5
733 5
734 5
735 5
736 5
737 5
739 5
740 5
742 5
743 5
744 5
745 5
747 5
749 5
750 5
751 5
752 5
755 5
757 5
758 5
760 5
761 5
762 5
763 5
764 5
765 5
766 6
767 6
771 6
772 6
775 6
778 6
779 6
780 6
783 6
787 6
788 6
789 6
790 6
791 6
792 6
794 6
795 6
796 6
797 6
798 6
799 6
800 6
803 6
804 6
805 6
806 6
807 6
808 6
809 6
810 6
811 6
812 6
813 6
814 6
815 6
817 6
820 6
821 6
823 6
824 6
825 6
826 6
828 6
829 6
830 6
831 6
833 6
836 6
838 6
839 6
845 6
846 6
848 6
850 6
852 6
856 6
857 6
858 6
859 6
860 6
861 6
862 6
863 6
864 6
865 6
866 6
869 6
870 6
871 6
872 6
873 6
874 6
877 6
879 6
880 6
881 6
882 6
883 6
884 6
885 6
886 6
887 6
889 6
891 6
893 6
895 6
896 6
898 6
900 6
901 6
902 6
903 6
906 6
907 6
909 6
910 6
911 6
913 6
915 6
916 6
917 6
918 6
919 6
920 6
921 6
922 6
923 6
926 6
927 6
930 6
933 6
934 6
937 6
938 6
940 6
941 6
942 6
944 6
945 6
947 6
949 6
950 6
952 6
953 6
954 6
955 6
956 6
957 6
959 6
960 6
961 6
964 6
965 6
966 6
968 6
969 6
972 6
973 6
974 6
975 6
976 6
979 6
980 6
981 6
984 6
985 6
989 6
990 6
991 6
992 6
995 6
996 6
997 6
998 6
1000 6
1001 6
1002 7
1003 7
1004 7
1006 7
1007 7
1009 7
1011 7
1014 7
1015 7
1019 7
1020 7
1021 7
1023 7
1024 7
1025 7
1028 7
1029 7
1032 7
1033 7
1034 7
1035 7
1038 7
1039 7
1040 7
1041 7
1042 7
1044 7
1045 7
1046 7
1047 7
1048 7
1049 7
1050 7
1052 7
1056 7
1058 7
1059 7
1060 7
1061 7
1062 7
1065 7
1066 7
1067 7
1068 7
1070 7
1071 7
1072 7
1073 7
1078 7
1080 7
1082 7
1084 7
1085 7
1086 7
1087 7
1089 7
1090 7
1092 7
1093 7
1094 7
1095 7
1096 7
1097 7
1098 7
1099 7
1100 7
1101 7
