1 0
2 0
3 0
4 0
6 0
7 0
8 0
9 0
10 0
11 0
12 0
14 0
16 0
17 0
22 0
23 0
24 0
25 0
26 0
29 0
30 0
33 0
35 0
36 0
39 0
40 0
43 0
44 0
45 0
46 0
47 0
48 0
49 0
51 0
52 0
53 0
54 0
55 0
56 0
60 0
62 0
64 0
65 0
66 0
67 0
68 0
69 0
70 0
72 0
73 0
76 0
77 0
79 0
80 0
81 0
82 0
83 0
84 0
85 0
87 0
89 0
91 0
92 0
94 0
96 0
97 0
100 0
101 0
102 1
104 1
105 1
109 1
110 1
112 1
113 1
114 1
115 1
116 1
117 1
118 1
119 1
121 1
123 1
124 1
125 1
127 1
129 1
130 1
131 1
132 1
133 1
135 1
136 1
139 1
141 1
142 1
143 1
144 1
147 1
148 1
150 1
152 1
153 1
154 1
155 1
156 1
157 1
158 1
160 1
161 1
162 1
163 1
165 1
166 1
168 1
169 1
171 1
172 1
173 1
174 1
175 1
176 1
177 1
178 1
180 1
181 1
183 1
186 1
189 1
190 1
191 1
192 1
194 1
198 1
200 1
202 1
205 2
206 2
207 2
208 2
209 2
210 2
211 2
212 2
214 2
215 2
216 2
217 2
218 2
220 2
222 2
223 2
225 2
226 2
227 2
228 2
231 2
232 2
233 2
234 2
236 2
237 2
240 2
241 2
243 2
244 2
245 2
249 2
250 2
253 2
255 2
256 2
257 2
258 2
260 2
261 2
263 2
264 2
266 2
267 2
271 2
272 2
273 2
274 2
275 2
276 2
277 2
278 2
279 2
281 2
286 2
287 2
288 2
290 2
293 2
294 2
295 2
296 2
298 2
299 2
301 2
302 2
303 2
305 2
306 2
308 2
309 2
311 2
312 2
314 2
315 2
316 2
318 3
319 3
320 3
321 3
323 3
324 3
325 3
326 3
328 3
329 3
332 3
333 3
334 3
335 3
338 3
339 3
340 3
341 3
342 3
343 3
344 3
345 3
349 3
352 3
353 3
354 3
356 3
357 3
358 3
360 3
362 3
363 3
364 3
365 3
366 3
367 3
368 3
371 3
372 3
373 3
376 3
377 3
378 3
379 3
381 3
382 3
385 3
386 3
387 3
388 3
389 3
393 3
394 3
395 3
397 3
399 3
400 3
401 3
402 3
403 3
407 3
408 3
409 3
410 3
412 3
414 3
415 3
416 3
417 3
418 3
419 3
423 3
424 3
425 3
426 3
427 3
428 3
429 3
431 3
433 3
435 3
436 3
437 3
438 3
439 3
440 3
442 3
443 3
444 3
445 3
448 3
449 3
450 3
451 3
453 3
455 3
456 3
457 3
460 3
462 3
463 3
466 3
468 3
470 3
471 3
473 3
475 3
476 3
477 3
479 3
481 3
482 3
483 3
487 4
489 4
490 4
491 4
494 4
496 4
499 4
500 4
501 4
503 4
504 4
505 4
506 4
507 4
508 4
509 4
510 4
511 4
512 4
513 4
514 4
515 4
519 4
521 4
522 4
523 4
524 4
527 4
528 4
529 4
530 4
531 4
532 4
536 4
537 4
538 4
539 4
540 4
541 4
542 4
544 4
545 4
546 4
547 4
549 4
550 4
551 4
553 4
554 4
557 4
558 4
559 4
560 4
561 4
562 4
563 4
564 4
566 4
569 4
570 4
575 4
580 4
581 4
583 4
584 4
585 4
587 4
588 4
592 4
593 4
594 4
595 4
598 4
601 4
604 4
605 4
606 4
607 4
608 4
609 4
610 4
611 4
612 4
613 4
614 4
615 4
618 4
619 4
620 4
622 4
623 4
624 4
628 4
629 4
630 4
632 4
633 4
634 4
636 4
637 4
638 4
639 4
640 4
641 4
642 4
643 4
647 4
649 4
650 4
651 4
652 4
653 4
654 4
655 4
656 4
658 4
660 4
662 4
663 4
664 4
666 5
668 5
670 5
671 5
674 5
675 5
676 5
677 5
678 5
679 5
680 5
682 5
683 5
686 5
687 5
688 5
689 5
691 5
693 5
694 5
697 5
698 5
699 5
700 5
701 5
704 5
707 5
708 5
709 5
710 5
712 5
713 5
714 5
715 5
716 5
717 5
719 5
720 5
721 5
722 5
723 5
724 5
726 5
730 5
731 5
732 5
733 5
735 5
737 5
740 5
741 5
742 5
743 5
747 5
748 5
749 5
750 5
752 5
753 5
754 5
756 5
757 5
759 5
761 5
762 5
765 5
766 6
767 6
769 6
770 6
771 6
773 6
774 6
775 6
776 6
779 6
780 6
781 6
783 6
784 6
785 6
786 6
789 6
790 6
792 6
793 6
794 6
795 6
796 6
797 6
798 6
800 6
805 6
806 6
808 6
809 6
811 6
814 6
815 6
816 6
817 6
819 6
821 6
822 6
824 6
825 6
826 6
827 6
828 6
830 6
832 6
838 6
839 6
841 6
843 6
844 6
845 6
846 6
849 6
851 6
852 6
854 6
856 6
857 6
859 6
860 6
861 6
862 6
864 6
865 6
867 6
868 6
869 6
870 6
871 6
874 6
875 6
876 6
877 6
878 6
879 6
880 6
881 6
884 6
885 6
886 6
887 6
890 6
892 6
893 6
894 6
896 6
897 6
898 6
899 6
901 6
902 6
904 6
905 6
906 6
908 6
909 6
910 6
913 6
914 6
917 6
918 6
920 6
921 6
922 6
923 6
924 6
926 6
927 6
928 6
930 6
931 6
934 6
936 6
939 6
941 6
942 6
943 6
944 6
946 6
948 6
950 6
951 6
953 6
954 6
956 6
957 6
958 6
960 6
961 6
962 6
963 6
964 6
965 6
968 6
969 6
970 6
971 6
972 6
973 6
974 6
975 6
976 6
978 6
979 6
981 6
982 6
983 6
985 6
987 6
988 6
989 6
994 6
995 6
997 6
998 6
999 6
1000 6
1003 7
1004 7
1008 7
1009 7
1011 7
1013 7
1014 7
1015 7
1016 7
1017 7
1018 7
1019 7
1021 7
1023 7
1024 7
1026 7
1028 7
1030 7
1032 7
1033 7
1034 7
1035 7
1036 7
1038 7
1039 7
1040 7
1041 7
1042 7
1045 7
1046 7
1048 7
1052 7
1053 7
1056 7
1059 7
1060 7
1061 7
1062 7
1063 7
1064 7
1065 7
1066 7
1067 7
1068 7
1069 7
1070 7
1072 7
1074 7
1075 7
1077 7
1078 7
1079 7
1080 7
1082 7
1083 7
1084 7
1086 7
1087 7
1088 7
1089 7
1090 7
1093 7
1094 7
1095 7
1097 7
1098 7
1100 7
1101 7
